[0m
                        [38;2;241;241;241m [38;2;209;208;211m:[38;2;168;165;172m-[38;2;118;114;125m*[38;2;99;97;109m*[38;2;88;87;101m#[38;2;80;81;95m#[38;2;79;79;94m#[38;2;78;79;93m#[38;2;81;81;95m#[38;2;91;91;104m#[38;2;101;101;114m*[38;2;124;123;135m+[38;2;153;152;161m=[38;2;176;175;183m-[38;2;201;200;205m:[38;2;229;228;231m.[38;2;247;246;247m [0m
                     [38;2;213;213;216m:[38;2;162;161;168m=[38;2;109;107;120m*[38;2;81;78;96m#[38;2;83;77;100m%[38;2;83;77;103m%[38;2;83;76;105m%[38;2;79;78;106m@[38;2;79;77;112m@[38;2;81;77;111m@[38;2;81;77;109m@[38;2;79;77;111m@[38;2;77;77;117m@[38;2;75;77;121m@[38;2;77;77;125m@[38;2;79;76;121m@[38;2;80;77;107m%[38;2;84;77;97m#[38;2;84;77;95m#[38;2;87;81;99m#[38;2;94;91;107m#[38;2;121;119;132m+[38;2;166;164;174m=[38;2;224;223;228m.[0m
                  [38;2;219;218;221m.[38;2;153;152;161m=[38;2;89;87;101m#[38;2;82;77;107m%[38;2;80;76;115m@[38;2;83;75;115m@[38;2;80;77;107m%[38;2;79;78;103m%[38;2;79;78;104m%[38;2;79;78;102m%%[38;2;81;78;101m%[38;2;79;78;102m%%%[38;2;80;78;100m%[38;2;81;78;102m%[38;2;82;77;100m%[38;2;84;77;97m%[38;2;84;77;98m%[38;2;85;77;94m%[38;2;87;77;91m#[38;2;85;77;96m%[38;2;81;77;108m@[38;2;77;77;118m@[38;2;77;77;113m@[38;2;79;78;100m%[38;2;120;118;134m+[38;2;183;181;192m-[38;2;224;223;227m.[0m
               [38;2;217;217;219m.[38;2;145;144;154m=[38;2;97;95;110m*[38;2;82;77;104m%[38;2;80;76;116m@[38;2;81;77;110m@[38;2;82;77;106m%[38;2;81;77;103m%[38;2;81;78;102m%[38;2;79;78;103m%%[38;2;79;78;104m%[38;2;81;78;102m%[38;2;79;78;102m%[38;2;82;77;103m%[38;2;82;77;104m%[38;2;81;77;104m%[38;2;79;78;103m%%[38;2;79;78;102m%[38;2;82;77;102m%[38;2;85;77;97m%[38;2;86;77;92m#[38;2;89;77;90m#[38;2;98;84;94m#[38;2;97;82;93m#[38;2;88;76;93m%[38;2;78;78;105m@[38;2;75;79;106m@[38;2;78;78;107m@[38;2;81;77;102m%[38;2;103;99;122m*[38;2;118;114;134m*[38;2;144;140;156m=[38;2;190;189;197m:[0m
              [38;2;163;162;170m=[38;2;79;78;106m%[38;2;79;76;120m@[38;2;80;76;114m@[38;2;82;77;106m%[38;2;82;77;102m%[38;2;80;77;106m%[38;2;79;78;104m%%[38;2;79;78;105m%[38;2;79;78;103m%%[38;2;78;78;101m%[38;2;79;78;105m%[38;2;79;78;104m%[38;2;81;77;105m%%[38;2;79;78;103m%[38;2;79;78;105m%[38;2;80;77;107m%[38;2;81;77;104m%%[38;2;82;77;103m%[38;2;84;77;98m%[38;2;84;77;96m%[38;2;85;77;96m%[38;2;87;77;95m%[38;2;84;77;101m%[38;2;81;77;104m@[38;2;79;77;107m@[38;2;79;77;108m@[38;2;79;77;111m@[38;2;78;78;103m%[38;2;78;78;99m%[38;2;81;78;100m##[38;2;125;123;139m+[38;2;226;226;229m.[0m
             [38;2;134;133;145m+[38;2;79;77;114m%[38;2;79;78;105m%[38;2;80;78;103m%%[38;2;81;77;106m%[38;2;83;77;101m%[38;2;81;78;100m%[38;2;84;77;98m%[38;2;84;77;101m%[38;2;83;77;101m%%[38;2;80;77;107m%[38;2;79;78;104m%[38;2;81;78;102m%[38;2;82;77;101m%[38;2;82;78;99m%[38;2;82;77;102m%[38;2;82;77;107m%[38;2;80;77;107m%[38;2;80;77;106m%[38;2;81;78;103m%[38;2;81;78;101m%[38;2;80;78;102m%[38;2;79;78;105m%[38;2;79;77;109m@[38;2;78;78;107m@[38;2;73;78;122m@[38;2;75;78;112m@[38;2;78;78;102m%[38;2;79;78;105m%[38;2;79;78;106m@@[38;2;79;77;109m@[38;2;79;77;107m@[38;2;81;77;104m%[38;2;81;78;102m%[38;2;79;78;106m%[38;2;80;78;98m#[38;2;183;182;187m-[0m
            [38;2;130;129;142m+[38;2;77;77;121m@[38;2;79;78;105m%[38;2;82;77;105m%[38;2;82;77;102m%[38;2;82;77;104m%%[38;2;82;78;100m%[38;2;83;77;99m%[38;2;83;77;97m%[38;2;84;77;95m%[38;2;86;77;95m%[38;2;88;76;92m#[38;2;89;76;91m#[38;2;88;76;94m%[38;2;85;77;98m%[38;2;82;77;103m%[38;2;82;77;101m%[38;2;82;77;105m%[38;2;82;77;103m%[38;2;83;77;100m%[38;2;82;77;101m%[38;2;83;77;100m%[38;2;83;77;102m%[38;2;82;77;102m%[38;2;81;77;107m@[38;2;79;78;101m%[38;2;81;78;100m%[38;2;106;95;105m*[38;2;126;113;124m*[38;2;82;78;98m%[38;2;80;79;100m#[38;2;80;77;106m%[38;2;79;77;110m@[38;2;78;78;109m@@[38;2;81;77;105m%[38;2;82;78;99m%[38;2;81;78;101m%[38;2;79;78;103m%[38;2;80;78;103m%[38;2;136;136;144m+[0m
          [38;2;245;245;246m [38;2;156;154;166m=[38;2;79;77;112m%[38;2;76;78;114m@[38;2;79;77;116m@[38;2;78;78;107m@[38;2;81;78;103m%[38;2;82;77;102m%[38;2;82;77;103m%[38;2;82;77;102m%[38;2;82;77;101m%%[38;2;83;77;101m%[38;2;84;77;98m%[38;2;86;77;96m%[38;2;86;76;96m%[38;2;84;77;98m%[38;2;79;78;107m%[38;2;80;77;109m%[38;2;82;77;109m@[38;2;82;77;103m%[38;2;82;77;101m%[38;2;83;77;100m%[38;2;82;77;98m%[38;2;83;77;101m%[38;2;81;77;101m%[38;2;79;78;103m%[38;2;79;78;105m%[38;2;80;78;99m%[38;2;149;126;134m+[38;2;238;210;209m.[38;2;240;215;213m.[38;2;194;170;173m-[38;2;109;99;116m*[38;2;86;84;107m#[38;2;80;77;106m%[38;2;79;77;110m@[38;2;79;77;109m@[38;2;78;78;111m@[38;2;81;77;105m%[38;2;83;77;100m%[38;2;81;78;100m%[38;2;84;81;100m#[38;2;79;78;103m%[38;2;108;107;120m*[38;2;241;241;241m [0m
          [38;2;142;140;156m+[38;2;79;78;108m%[38;2;76;78;111m@[38;2;74;78;116m@[38;2;76;78;116m@[38;2;79;77;110m@[38;2;80;77;104m%[38;2;81;77;105m%[38;2;83;77;104m%[38;2;82;77;103m%[38;2;82;77;101m%%[38;2;80;77;106m%[38;2;79;78;107m%[38;2;80;77;108m%[38;2;79;77;109m%[38;2;80;77;109m%[38;2;80;77;108m%[38;2;80;77;107m%[38;2;80;78;101m%[38;2;81;78;101m%[38;2;81;77;103m%[38;2;81;77;101m%[38;2;82;77;101m%[38;2;82;77;103m%[38;2;81;78;98m#[38;2;80;77;105m%[38;2;79;78;104m%[38;2;94;85;101m#[38;2;214;185;186m:[38;2;234;210;208m.[38;2;229;205;204m:[38;2;242;215;213m.[38;2;222;196;196m:[38;2;111;105;125m*[38;2;81;77;102m%[38;2;80;77;107m%[38;2;79;77;108m@[38;2;79;77;110m@[38;2;81;77;111m@[38;2;82;77;102m%[38;2;81;78;100m%[38;2;82;77;100m%[38;2;86;85;104m#[38;2;80;78;103m#[38;2;135;133;146m+[0m
         [38;2;236;236;239m.[38;2;83;83;103m#[38;2;75;78;116m@[38;2;75;78;117m@[38;2;75;78;116m@[38;2;74;78;116m@[38;2;78;78;111m@[38;2;82;77;103m%[38;2;81;77;104m%[38;2;82;77;101m%[38;2;80;78;102m%[38;2;82;77;101m%[38;2;80;77;104m%[38;2;80;77;109m%[38;2;79;78;107m%[38;2;79;78;106m%[38;2;80;77;106m%[38;2;83;76;107m%[38;2;79;78;107m%[38;2;81;77;105m%[38;2;81;78;100m%[38;2;81;77;103m%[38;2;81;77;102m%[38;2;81;78;100m%[38;2;80;78;102m%[38;2;120;105;116m*[38;2;89;84;104m#[38;2;80;77;107m%[38;2;78;78;102m#[38;2;117;103;117m*[38;2;232;204;201m:[38;2;232;209;206m.[38;2;233;208;206m:[38;2;229;204;202m:[38;2;244;218;212m.[38;2;156;145;156m=[38;2;84;79;99m#[38;2;83;77;95m%[38;2;82;77;104m%%[38;2;82;77;106m%[38;2;79;78;104m%[38;2;81;78;99m%[38;2;82;77;98m%[38;2;81;78;99m%[38;2;88;86;106m#[38;2;88;85;108m#[38;2;180;178;187m-[0m
         [38;2;200;200;207m:[38;2;77;78;106m%[38;2;76;78;111m@@[38;2;77;77;114m@[38;2;76;78;116m@[38;2;76;78;112m@[38;2;82;77;100m%[38;2;81;77;101m%[38;2;79;78;103m%[38;2;80;78;101m%[38;2;79;78;102m%[38;2;79;78;105m%[38;2;82;77;106m%[38;2;80;77;106m%[38;2;79;78;106m%[38;2;80;77;106m%%[38;2;79;78;107m%[38;2;81;78;99m#[38;2;80;78;102m%[38;2;81;77;102m%[38;2;82;77;99m%[38;2;80;78;102m%[38;2;94;84;98m#[38;2;193;168;174m-[38;2;83;77;98m#[38;2;80;78;102m%%[38;2;122;108;119m*[38;2;239;214;211m.[38;2;231;208;206m:[38;2;233;209;207m.[38;2;231;208;206m:[38;2;243;217;213m.[38;2;184;168;172m-[38;2;119;112;127m*[38;2;169;148;155m=[38;2;82;78;99m%[38;2;82;78;97m%[38;2;82;78;99m%[38;2;79;78;106m%[38;2;82;78;99m%[38;2;81;78;98m%[38;2;81;78;99m%[38;2;80;78;98m#[38;2;79;78;101m%[38;2;90;88;107m#[38;2;237;237;239m [0m
         [38;2;143;142;156m=[38;2;78;78;109m%[38;2;76;78;109m@[38;2;76;78;111m@@[38;2;76;78;112m@[38;2;79;77;110m@[38;2;80;78;101m%[38;2;81;78;100m%[38;2;81;77;101m%[38;2;81;78;100m%[38;2;81;78;99m%[38;2;84;77;100m%[38;2;86;76;99m%[38;2;79;78;107m%[38;2;79;78;106m%[38;2;79;78;107m%[38;2;80;77;110m@[38;2;80;78;103m%[38;2;81;78;98m#[38;2;81;77;105m%[38;2;83;77;102m%[38;2;81;78;98m#[38;2;82;79;98m#[38;2;191;169;173m-[38;2;217;198;201m:[38;2;83;77;99m%[38;2;82;77;98m%[38;2;83;77;104m%[38;2;113;102;113m*[38;2;240;215;212m.[38;2;232;208;206m:[38;2;233;209;207m.[38;2;232;208;207m:[38;2;241;216;214m.[38;2;193;175;178m-[38;2;112;105;117m*[38;2;217;195;196m:[38;2;108;95;108m*[38;2;84;77;98m%[38;2;80;78;100m%[38;2;81;78;102m%[38;2;81;77;104m%[38;2;84;77;97m%[38;2;82;77;98m%[38;2;80;78;99m%[38;2;79;78;99m%[38;2;80;78;97m#[38;2;162;160;171m=[0m
        [38;2;243;243;244m [38;2;110;108;128m*[38;2;79;78;105m%[38;2;76;78;111m@@[38;2;76;78;110m@[38;2;76;78;109m@[38;2;79;78;104m%[38;2;81;77;101m%[38;2;81;78;100m%[38;2;82;77;98m%[38;2;82;78;98m%[38;2;83;77;97m%[38;2;88;76;95m%[38;2;86;76;98m%[38;2;79;77;109m%[38;2;79;78;105m%[38;2;79;78;107m%[38;2;80;77;108m@[38;2;83;77;98m#[38;2;80;78;100m%[38;2;82;77;103m%[38;2;81;78;98m%[38;2;84;82;103m#[38;2;146;131;142m+[38;2;242;223;221m.[38;2;186;173;179m-[38;2;83;77;102m%[38;2;84;77;96m%[38;2;82;77;102m%[38;2;94;87;99m#[38;2;236;212;209m.[38;2;233;210;207m..[38;2;232;209;208m.[38;2;240;217;216m.[38;2;195;177;181m-[38;2;165;151;157m=[38;2;254;229;226m.[38;2;195;174;179m-[38;2;144;126;135m+[38;2;116;102;112m*[38;2;80;78;102m%[38;2;82;77;105m%[38;2;85;77;98m%[38;2;83;77;96m#[38;2;82;78;97m%[38;2;78;78;102m%[38;2;128;127;139m+[38;2;141;138;155m+[38;2;229;228;231m.[0m
        [38;2;230;230;232m.[38;2;102;100;120m*[38;2;80;78;102m%[38;2;78;78;111m@[38;2;77;77;113m@[38;2;75;79;108m@[38;2;76;79;104m%[38;2;81;78;99m%%[38;2;82;77;98m%[38;2;82;78;98m%[38;2;84;77;95m%[38;2;86;77;96m%[38;2;89;76;92m#[38;2;85;77;97m%[38;2;78;78;110m%[38;2;80;77;104m%[38;2;81;77;105m%[38;2;82;77;107m%[38;2;84;80;99m#[38;2;81;78;102m%[38;2;82;77;100m%[38;2;80;78;101m#[38;2;121;111;125m*[38;2;217;197;198m:[38;2;228;209;209m:[38;2;171;151;159m=[38;2;84;77;95m%[38;2;83;77;99m%[38;2;83;78;94m%[38;2;98;89;102m#[38;2;227;206;204m:[38;2;235;214;211m.[38;2;232;211;210m..[38;2;237;216;214m.[38;2;206;186;188m:[38;2;203;181;184m-[38;2;211;188;189m:[38;2;163;147;150m=[38;2;115;101;111m*[38;2;131;109;118m*[38;2;85;77;98m%[38;2;79;78;105m@[38;2;85;77;98m%[38;2;87;76;96m#[38;2;85;77;98m%[38;2;78;78;109m%[38;2;161;161;169m=[38;2;177;176;188m-[38;2;176;175;183m-[0m
        [38;2;240;240;241m [38;2;92;90;108m#[38;2;78;78;103m%[38;2;77;78;107m%[38;2;78;78;109m@[38;2;78;78;107m@[38;2;81;78;99m%[38;2;81;77;102m%[38;2;79;78;105m%[38;2;82;78;100m%[38;2;82;77;99m%[38;2;86;77;94m%[38;2;87;77;93m#[38;2;88;77;92m#[38;2;81;77;102m%[38;2;80;77;104m%[38;2;82;78;98m#[38;2;81;77;102m%[38;2;82;77;104m%[38;2;82;78;99m#[38;2;80;78;102m%[38;2;80;78;97m#[38;2;125;114;128m*[38;2;230;207;208m:[38;2;250;230;228m.[38;2;237;212;212m.[38;2;149;131;139m+[38;2;136;118;128m+[38;2;84;77;99m%[38;2;131;115;125m+[38;2;123;108;118m*[38;2;210;191;192m:[38;2;239;218;216m.[38;2;232;211;210m.[38;2;232;212;211m.[38;2;236;216;215m.[38;2;161;142;146m=[38;2;87;77;90m%[38;2;80;77;109m@[38;2;38;76;241m@[38;2;113;105;115m*[38;2;198;183;190m-[38;2;181;156;163m=[38;2;89;76;91m#[38;2;84;77;98m%[38;2;87;76;96m#[38;2;84;77;102m%[38;2;79;77;112m%[38;2;189;188;195m-[38;2;182;182;188m-[38;2;158;158;167m=[0m
         [38;2;159;158;169m=[38;2;76;78;112m%[38;2;77;78;106m%[38;2;78;78;109m@[38;2;79;78;107m@[38;2;81;78;97m%[38;2;79;78;106m%[38;2;79;77;108m%[38;2;82;77;101m%[38;2;83;77;101m%[38;2;78;78;106m@[38;2;81;78;102m%[38;2;81;77;105m@[38;2;79;78;104m%[38;2;86;80;100m#[38;2;98;90;109m#[38;2;81;77;101m%[38;2;80;77;106m%[38;2;81;78;97m%[38;2;87;83;99m#[38;2;151;136;147m+[38;2;206;186;188m:[38;2;198;181;183m-[38;2;137;123;125m+[38;2;119;103;110m*[38;2;109;94;106m*[38;2;143;122;131m+[38;2;89;76;92m#[38;2;182;163;166m-[38;2;138;125;134m+[38;2;220;202;202m:[38;2;236;216;214m.[38;2;232;212;211m.[38;2;230;210;209m.[38;2;244;223;221m.[38;2;160;147;154m=[38;2;81;77;108m%[38;2;90;80;99m#[38;2;109;98;115m*[38;2;210;190;192m:[38;2;227;200;202m:[38;2;225;193;196m:[38;2;86;77;91m%[38;2;85;77;99m%[38;2;84;77;97m#[38;2;80;77;109m@[38;2;79;78;106m%[38;2;241;241;243m [38;2;167;167;174m-[38;2;190;190;195m:[0m
         [38;2;214;213;219m.[38;2;116;115;130m*[38;2;76;78;109m%[38;2;74;78;117m@[38;2;78;78;109m@[38;2;82;78;97m#[38;2;78;78;108m@[38;2;81;78;102m%[38;2;84;77;93m#[38;2;85;77;94m%[38;2;81;77;106m@[38;2;103;95;108m*[38;2;128;119;131m+[38;2;79;78;106m%[38;2;83;77;98m#[38;2;85;77;96m#[38;2;79;78;102m%[38;2;79;78;106m%[38;2;81;78;101m%[38;2;82;78;95m%[38;2;83;78;95m@[38;2;81;78;101m@[38;2;75;78;114m@[38;2;0;43;255m@[38;2;80;78;100m%[38;2;208;194;198m:[38;2;189;172;177m-[38;2;129;114;125m*[38;2;213;194;196m:[38;2;211;194;197m:[38;2;235;217;216m.[38;2;232;214;213m.[38;2;232;214;214m.[38;2;233;213;214m.[38;2;234;214;214m.[38;2;233;212;214m.[38;2;225;201;203m:[38;2;232;203;205m:[38;2;234;203;204m:[38;2;227;196;198m:[38;2;234;200;203m:[38;2;191;165;170m-[38;2;80;77;107m@[38;2;85;77;96m%[38;2;79;77;108m@[38;2;74;77;131m@[38;2;108;107;120m* [38;2;178;178;184m-[38;2;243;243;244m [0m
         [38;2;231;230;233m.[38;2;184;184;193m-[38;2;145;146;157m=[38;2;73;76;137m@[38;2;76;78;108m@[38;2;81;78;97m%[38;2;77;77;114m@[38;2;81;78;103m%[38;2;88;78;93m#[38;2;86;77;97m%[38;2;83;78;94m#[38;2;209;180;184m-[38;2;179;159;166m=[38;2;88;82;97m#[38;2;115;105;117m*[38;2;80;77;105m%[38;2;79;77;107m@[38;2;76;78;115m@[38;2;104;86;97m#[38;2;190;167;172m-[38;2;107;100;114m*[38;2;85;76;99m#[38;2;105;89;107m#[38;2;122;105;127m*[38;2;165;147;159m=[38;2;238;213;212m.[38;2;210;187;191m:[38;2;204;187;190m:[38;2;241;221;221m.[38;2;236;217;217m.[38;2;232;214;214m...[38;2;232;213;213m.[38;2;233;213;214m.[38;2;240;226;226m.[38;2;238;222;221m.[38;2;231;210;210m.[38;2;231;207;207m:[38;2;228;203;204m:[38;2;245;218;218m.[38;2;149;134;140m+[38;2;77;77;116m@[38;2;81;77;109m@[38;2;80;77;106m%[38;2;79;76;122m@[38;2;155;153;162m= [38;2;240;240;240m [0m
          [38;2;176;176;185m-[38;2;195;194;202m:[38;2;93;94;109m*[38;2;78;78;104m%[38;2;80;78;96m%[38;2;77;77;115m@[38;2;81;77;105m@[38;2;84;77;96m%[38;2;79;76;120m@[38;2;136;128;136m+[38;2;252;223;223m.[38;2;128;115;125m+[38;2;134;119;128m+[38;2;187;163;170m-[38;2;80;78;101m%[38;2;79;77;109m@[38;2;79;77;111m@[38;2;160;136;144m+[38;2;248;219;218m.[38;2;236;206;208m:[38;2;228;197;199m:[38;2;235;202;204m:[38;2;237;203;204m::[38;2;229;199;202m:[38;2;233;208;208m:[38;2;236;215;213m.[38;2;232;211;213m.[38;2;232;214;215m.[38;2;233;215;215m.[38;2;232;214;214m..[38;2;231;213;213m.[38;2;232;213;213m.[38;2;232;214;214m.[38;2;232;215;215m.[38;2;233;214;214m.[38;2;230;211;211m.[38;2;232;212;211m.[38;2;240;220;218m.[38;2;83;78;92m#[38;2;71;78;129m@[38;2;82;77;104m%[38;2;83;77;99m%[38;2;79;77;108m@[38;2;177;175;183m-[0m
          [38;2;248;249;249m [38;2;191;192;199m:[38;2;127;127;141m+[38;2;79;78;102m%[38;2;79;78;99m#[38;2;78;78;109m@[38;2;79;77;113m@[38;2;80;77;107m%[38;2;77;77;122m@[38;2;98;93;105m*[38;2;224;205;207m:[38;2;169;152;158m=[38;2;142;124;134m+[38;2;207;174;179m-[38;2;86;77;93m#[38;2;78;78;107m@[38;2;85;76;103m%[38;2;134;116;127m+[38;2;239;217;215m.[38;2;230;206;206m:[38;2;233;206;207m:[38;2;231;205;206m:[38;2;231;206;206m:[38;2;231;206;207m:[38;2;233;210;209m.[38;2;233;211;210m.[38;2;232;212;212m.[38;2;233;214;213m.[38;2;233;214;214m.[38;2;232;214;215m.[38;2;232;214;214m.[38;2;233;215;215m.[38;2;232;215;215m.[38;2;234;216;216m.[38;2;233;215;215m.[38;2;231;213;212m.[38;2;229;210;211m.[38;2;236;217;216m.[38;2;246;226;223m.[38;2;122;114;121m*[38;2;76;76;131m@[38;2;82;78;99m%[38;2;84;77;101m%[38;2;88;85;99m#[38;2;103;102;122m*[38;2;213;212;219m:[0m
          [38;2;238;235;237m.[38;2;240;236;238m.[38;2;214;210;216m:[38;2;150;148;160m=[38;2;100;97;113m*[38;2;80;78;99m%[38;2;81;76;113m@[38;2;74;78;116m@[38;2;71;79;119m@[38;2;76;78;116m@[38;2;83;77;98m%[38;2;114;106;118m*[38;2;115;107;118m*[38;2;208;190;192m:[38;2;162;150;157m=[38;2;79;78;106m%[38;2;84;77;97m%[38;2;127;109;121m*[38;2;214;196;199m:[38;2;242;226;225m.[38;2;236;218;218m.[38;2;235;215;215m.[38;2;234;214;214m.[38;2;233;214;213m.[38;2;233;214;214m..[38;2;233;215;215m.[38;2;232;215;214m..[38;2;232;214;214m..[38;2;228;210;210m.[38;2;230;209;209m.[38;2;225;204;205m:[38;2;221;203;204m:[38;2;231;213;213m.[38;2;245;226;224m.[38;2;221;203;202m:[38;2;98;92;102m#[38;2;70;77;140m@[38;2;80;77;108m@[38;2;83;77;97m%[38;2;84;77;100m%[38;2;172;172;179m-[38;2;135;134;151m+[38;2;238;238;240m [0m
         [38;2;244;242;243m [38;2;148;129;148m+[38;2;129;103;124m*[38;2;137;110;131m*[38;2;153;133;152m+[38;2;142;124;141m+[38;2;122;100;120m*[38;2;119;93;115m*[38;2;93;75;96m#[38;2;89;76;96m%[38;2;83;77;98m%[38;2;78;78;112m@[38;2;67;79;128m@[38;2;76;78;114m@[38;2;78;78;105m%[38;2;81;78;97m%[38;2;81;78;102m%[38;2;87;77;95m%[38;2;111;92;104m*[38;2;165;142;151m=[38;2;210;188;191m:[38;2;227;210;211m.[38;2;234;218;219m.[38;2;238;222;222m.[38;2;239;222;221m.[38;2;238;220;220m.[38;2;236;219;218m.[38;2;235;217;217m.[38;2;234;216;216m.[38;2;232;214;214m.[38;2;234;216;216m.[38;2;231;214;214m.[38;2;224;206;206m:[38;2;228;206;206m:[38;2;227;207;207m:[38;2;235;217;215m.[38;2;244;225;224m.[38;2;167;153;159m=[38;2;82;77;102m%[38;2;71;77;134m@[38;2;78;78;111m@[38;2;81;78;100m%[38;2;85;76;104m%[38;2;129;127;137m+[38;2;225;225;227m.[38;2;127;126;139m+[0m
          [38;2;201;189;199m:[38;2;122;96;120m*[38;2;110;85;109m#[38;2;104;85;107m#[38;2;120;100;122m*[38;2;88;78;98m#[38;2;87;75;106m%[38;2;114;87;109m#[38;2;141;107;128m*[38;2;153;123;142m+[38;2;125;100;118m*[38;2;91;75;97m%[38;2;83;75;120m@[38;2;74;77;129m@[38;2;76;76;130m@[38;2;80;78;99m%[38;2;89;79;92m#[38;2;107;88;98m#[38;2;172;147;154m=[38;2;174;146;153m=[38;2;187;158;163m=[38;2;192;165;170m-[38;2;201;178;182m-[38;2;207;187;190m:[38;2;215;197;200m:[38;2;223;205;206m:[38;2;227;209;210m:[38;2;230;213;213m.[38;2;238;220;220m.[38;2;230;211;211m.[38;2;231;212;211m.[38;2;235;216;215m.[38;2;234;216;216m.[38;2;236;217;217m.[38;2;217;200;201m:[38;2;103;95;107m*[38;2;73;76;135m@[38;2;74;78;118m@[38;2;77;77;114m@[38;2;81;77;107m@[38;2;85;77;99m%[38;2;93;87;103m# [38;2;127;128;139m+[38;2;171;171;178m-[0m
          [38;2;241;239;240m [38;2;208;201;208m:[38;2;206;201;208m:[38;2;147;134;152m+[38;2;102;93;112m*[38;2;75;78;116m@[38;2;75;78;117m@[38;2;89;75;102m%[38;2;136;101;122m*[38;2;148;110;131m+[38;2;151;114;134m+[38;2;132;98;122m*[38;2;166;151;166m=[38;2;198;198;203m:[38;2;201;200;204m:[38;2;228;229;232m.[38;2;178;177;186m-[38;2;90;76;94m%[38;2;162;137;144m=[38;2;189;162;167m-[38;2;187;158;163m==[38;2;186;156;162m==[38;2;185;157;163m=[38;2;184;158;165m=[38;2;182;157;164m=[38;2;183;158;166m=[38;2;152;136;141m+[38;2;198;192;191m:[38;2;217;209;209m:[38;2;212;203;203m:[38;2;207;198;199m:[38;2;217;208;209m:[38;2;81;79;94m#[38;2;68;76;159m@[38;2;75;79;110m@[38;2;81;75;126m@[38;2;79;79;96m%[38;2;82;78;94m#[38;2;85;77;98m#[38;2;216;215;218m.[38;2;220;220;223m.[38;2;154;154;164m=[0m
            [38;2;179;169;183m-[38;2;136;122;144m+[38;2;79;78;105m%[38;2;79;78;107m%[38;2;82;77;104m%[38;2;76;78;114m@[38;2;86;76;105m%[38;2;112;85;106m#[38;2;99;77;99m#[38;2;82;77;105m%[38;2;172;173;180m- [38;2;192;193;206m:[38;2;153;153;174m=[38;2;102;104;126m*[38;2;97;84;94m#[38;2;126;106;115m*[38;2;182;155;161m=[38;2;194;164;169m-[38;2;192;163;168m-[38;2;194;165;170m-[38;2;193;164;169m--[38;2;191;161;166m-[38;2;192;163;168m-[38;2;179;150;156m=[38;2;114;110;123m*[38;2;192;195;205m:[38;2;213;213;219m.[38;2;242;243;245m  [38;2;204;205;208m:[38;2;120;120;131m+[38;2;76;78;113m@[38;2;69;74;177m@[38;2;79;79;92m#[38;2;148;147;154m=[38;2;83;77;101m%[38;2;166;164;175m= [38;2;225;225;227m.[0m
           [38;2;210;204;212m:[38;2;148;132;154m+[38;2;116;104;124m*[38;2;78;78;109m%[38;2;81;78;99m%[38;2;81;78;101m%[38;2;82;77;106m%[38;2;78;78;111m@[38;2;78;78;112m@[38;2;75;77;122m@[38;2;76;79;104m%[38;2;80;79;95m#[38;2;107;108;123m*[38;2;157;158;180m=[38;2;161;161;181m=[38;2;131;131;150m+[38;2;139;126;138m+[38;2;172;146;154m=[38;2;161;136;144m+[38;2;189;161;166m-[38;2;193;164;169m----[38;2;192;163;168m-[38;2;196;167;172m-[38;2;177;150;155m=[38;2;120;115;133m*[38;2;127;127;152m+[38;2;131;127;149m+[38;2;177;174;188m-[38;2;192;191;198m:[38;2;181;180;188m-[38;2;141;141;150m+[38;2;76;78;110m@[38;2;159;158;166m=[38;2;229;229;230m.[38;2;120;119;132m+[38;2;166;164;174m=[38;2;227;227;229m.[0m
           [38;2;158;151;164m=[38;2;129;113;135m*[38;2;115;101;123m*[38;2;78;78;106m%[38;2;81;78;99m%%[38;2;83;77;102m%[38;2;83;77;106m%[38;2;82;77;104m%[38;2;80;77;105m%[38;2;79;78;104m@[38;2;80;78;95m#[38;2;81;77;104m%[38;2;132;132;151m+[38;2;169;170;189m-[38;2;170;169;186m-[38;2;168;168;187m-[38;2;167;162;178m=[38;2;174;160;172m=[38;2;172;152;161m=[38;2;189;160;165m-[38;2;195;164;169m-[38;2;197;167;171m-[38;2;196;166;171m-[38;2;194;165;170m-[38;2;195;166;171m-[38;2;187;157;163m=[38;2;177;149;157m=[38;2;152;140;155m=[38;2;139;137;159m+[38;2;142;138;159m+[38;2;157;153;171m=[38;2;133;131;148m+[38;2;79;77;118m@[38;2;80;78;99m%[38;2;183;182;189m-[38;2;147;146;156m=[38;2;191;190;197m:[0m
           [38;2;127;128;140m+[38;2;169;168;176m-[38;2;212;208;214m:[38;2;81;78;100m%[38;2;80;77;105m%[38;2;80;78;97m%[38;2;82;77;97m%[38;2;83;77;98m%[38;2;83;77;100m%[38;2;81;78;99m%[38;2;82;77;102m%[38;2;79;77;117m@[38;2;83;76;114m@[38;2;80;78;99m#[38;2;159;158;177m=[38;2;170;169;187m-[38;2;170;168;186m-[38;2;174;172;190m-[38;2;173;171;189m-[38;2;173;170;188m-[38;2;172;164;179m-[38;2;177;162;173m-[38;2;184;161;168m-[38;2;191;163;168m-[38;2;195;164;169m-[38;2;197;166;170m-[38;2;193;163;168m-[38;2;188;158;165m=[38;2;197;166;171m-[38;2;163;146;158m=[38;2;139;136;158m+[38;2;147;141;163m=[38;2;156;151;168m=[38;2;163;159;174m=[38;2;82;79;99m#[38;2;82;73;143m@[38;2;81;76;119m@[38;2;80;78;103m%[38;2;81;78;97m#[38;2;114;112;127m*[38;2;150;149;160m=[38;2;190;189;195m:[38;2;232;232;234m.[0m
           [38;2;172;172;180m-[38;2;209;208;213m: [38;2;221;220;223m.[38;2;97;95;109m*[38;2;80;78;96m#[38;2;80;78;101m%[38;2;82;77;104m%[38;2;81;78;100m%[38;2;82;77;101m%[38;2;83;77;101m%[38;2;81;78;102m%[38;2;80;77;111m@[38;2;84;76;111m%[38;2;82;78;100m#[38;2;158;157;175m=[38;2;176;175;192m-[38;2;174;170;188m-[38;2;177;173;190m-[38;2;177;174;191m-[38;2;177;175;192m-[38;2;176;176;192m-[38;2;173;172;186m-[38;2;172;167;181m-[38;2;175;163;175m-[38;2;183;165;175m-[38;2;187;163;169m-[38;2;190;161;167m-[38;2;192;163;169m-[38;2;199;168;172m-[38;2;161;143;156m=[38;2;137;133;155m+[38;2;151;144;164m=[38;2;178;171;185m-[38;2;183;178;190m-[38;2;130;124;140m+[38;2;83;76;108m%[38;2;83;75;119m@[38;2;84;75;115m@[38;2;86;74;121m@[38;2;85;74;127m@[38;2;84;75;122m@[38;2;81;77;103m%[38;2;105;101;117m*[38;2;176;173;182m-[38;2;236;235;238m.[0m
           [38;2;228;228;230m.[38;2;208;208;211m:[38;2;222;222;225m.[38;2;149;146;158m=[38;2;87;80;100m#[38;2;85;76;103m%[38;2;83;77;99m%[38;2;85;76;104m%[38;2;84;76;106m%[38;2;84;76;103m%[38;2;82;77;101m%[38;2;78;78;102m%[38;2;83;77;99m%[38;2;87;76;101m%[38;2;85;76;103m%[38;2;90;83;104m#[38;2;169;165;181m-[38;2;182;180;195m-[38;2;179;176;192m-[38;2;177;175;191m-[38;2;176;174;189m-[38;2;177;175;189m-[38;2;178;175;189m-[38;2;178;177;191m-[38;2;171;170;186m-[38;2;143;142;160m=[38;2;150;147;164m=[38;2;186;162;170m-[38;2;196;166;171m-[38;2;193;165;170m-[38;2;196;166;170m-[38;2;154;138;151m=[38;2;143;138;158m+[38;2;168;161;177m=[38;2;170;163;178m=[38;2;170;161;177m=[38;2;156;150;166m=[38;2;88;82;102m#[38;2;85;76;107m%[38;2;83;77;103m%[38;2;83;77;102m%[38;2;83;77;104m%[38;2;84;76;106m%[38;2;86;75;110m%[38;2;88;75;112m%[38;2;87;79;100m#[38;2;185;182;191m-[0m
